19 615.2402660(8) 1.3445555(7) 0.6
20 616.3411990(8) 1.3447550(8) −0.1
21 617.2784664(8) 1.3449236(9) 0.6
22 618.0829639(8) 1.3450698(11) −0.2
23 618.7786314(8) 1.3451963(13) −0.7
24 619.3842463(8) 1.3453060(15) −0.8
25 619.9147046(8) 1.345402(2) −0.7
26 620.3819464(8) 1.345484(2) 0.5
27 620.7956283(8) 1.345560(2) −0.2
28 621.1636344(8) 1.345629(2) −1.1
29 621.4924518(8) 1.345685(3) 0.2
30 621.7874500(8) 1.345738(3) 0.1
31 622.0531143(8) 1.345783(3) 1.0
32 622.2932066(8) 1.345828(4) 0.4
33 622.5109082(8) 1.345866(4) 0.6
34 622.7089185(8) 1.345901(4) 0.8
35 622.8895425(8) 1.345931(5) 1.2
37 623.2062666(8) 1.345992(6) 0.5
38 623.3455461(8) 1.346020(6) −0.0
39 623.4738779(8) 1.346042(7) 0.1
40 623.5923802(8) 1.346057(7) 0.9
41 623.7020295(8) 1.346084(8) 0.0
42 623.8036883(8) 1.346104(8) −0.1
43 623.8981149(8) 1.346112(9) 0.7
44 623.9859786(8) 1.346118(10) 1.5
45 624.0678704(8) 1.346162(10) −0.9
46 624.1443264(8) 1.346155(11) 0.7
48 624.2827502(8) 1.346185(13) 0.3
51 624.4598714(8) 1.34622(2) 0.3
53 624.5611995(8) 1.34624(2) −0.2
54 624.6075890(8) 1.34626(2) −0.4
55 624.6514104(8) 1.34623(2) 0.9
57 624.7320704(8) 1.34626(2) 0.5