
19 612.7288381(8) 3.1318908(5) −0.8
20 614.2321542(8) 3.1318083(6) 0.5
21 615.4901687(8) 3.1317405(7) −0.2
22 616.5534925(8) 3.1316819(8) 0.7
23 617.4603214(8) 3.1316328(10) 0.5
24 618.2399264(8) 3.1315896(11) 1.0
25 618.9150382(8) 3.1315541(13) 0.2
26 619.5035327(8) 3.131521(2) 0.7
27 620.0196148(8) 3.131496(2) −1.0
28 620.4746999(8) 3.131469(2) 0.3
29 620.8780318(8) 3.131448(2) 0.0
30 621.2371711(8) 3.131430(2) −0.6
31 621.5583473(8) 3.131412(3) −0.4
32 621.8467280(8) 3.131395(3) 0.2
33 622.1066304(8) 3.131380(3) 0.3
34 622.3416850(8) 3.131365(4) 0.8
35 622.5549595(8) 3.131358(4) −0.2
36 622.7490663(8) 3.131347(4) −0.1
37 622.9262334(8) 3.131342(5) −1.0
38 623.0883784(8) 3.131330(5) −0.4
39 623.2371515(8) 3.131319(6) 0.1
40 623.3739846(8) 3.131301(6) 1.4
41 623.5001176(8) 3.131314(7) −1.0
42 623.6166445(8) 3.131297(7) 0.3
43 623.7245107(8) 3.131305(8) −1.2
44 623.8245598(9) 3.131277(9) 1.0
45 623.9175235(8) 3.131275(9) 0.6
46 624.0040577(8) 3.131274(10) 0.3
47 624.0847416(8) 3.131276(11) −0.2
48 624.1600915(8) 3.131274(11) −0.3
49 624.2305675(8) 3.131266(12) −0.0
50 624.2965811(8) 3.131252(13) 0.6
51 624.3584995(8) 3.131261(14) −0.1
52 624.4166563(8) 3.131261(14) −0.3
53 624.4713499(8) 3.13126(2) −0.3
54 624.5228490(8) 3.13127(2) −1.1
55 624.5714000(8) 3.13125(2) −0.0
56 624.6172212(8) 3.13124(2) 0.1
57 624.6605140(8) 3.13125(2) −0.2
58 624.7014614(8) 3.13125(2) −0.4
59 624.7402301(8) 3.13124(2) −0.3
60 624.7769720(8) 3.13123(2) 0.3
61 624.8118234(8) 3.13128(2) −1.6
62 624.8449163(8) 3.13126(3) −0.9
63 624.8763648(8) 3.13124(3) −0.2
64 624.9062750(8) 3.13125(3) −0.5
65 624.9347470(8) 3.13125(3) −0.6