34 1006.6767502 
53 1008.7250762 
72 1009.3384777
35 1006.8803502 
54 1008.7750956 
73 1009.3577788
36 1007.0659122 
55 1008.8222898 
74 1009.3762708
37 1007.2354944 
56 1008.8668428 
75 1009.3940085
38 1007.3909126 
57 1008.9089604 
76 1009.4110280
39 1007.5336718 
58 1008.9488346 
77 1009.4273517
40 1007.6651088 
59 1008.9865844 
78 1009.4430416
41 1007.7864320 
60 1009.0223986 
79 1009.4581165
42 1007.8985942 
61 1009.0563782 
80 1009.4726164
43 1008.0025526 
62 1009.0886525 
81 1009.4865557
44 1008.0990362 
63 1009.1193279 
82 1009.4999770
45 1008.1887738 
64 1009.1485299 
83 1009.5128947
46 1008.2723600 
65 1009.1763247 
84 1009.5253414
47 1008.3503830 
66 1009.2028144 
85 1009.5373330
48 1008.4233020 
67 1009.2280965 
86 1009.5489032
49 1008.4915356 
68 1009.2522110 
87 1009.5600542
50 1008.5555062 
69 1009.2752469 
88 1009.5708226
51 1008.6155556 
70 1009.2972625 
89 1009.5812286
52 1008.6719549 
71 1009.3183221 
90 1009.5912642
