19 615.2383571(8) 1.3461520(7) −0.1
20 616.3395780(8) 1.3463543(8) 0.3
21 617.2770769(8) 1.3465269(10) 0.3
22 618.0817641(8) 1.3466765(11) −0.9
23 618.7775900(8) 1.3468033(13) 0.1
24 619.3833361(8) 1.3469144(14) 0.3
25 619.9139034(8) 1.347013(2) −0.4
26 620.3812369(8) 1.347100(2) −0.4
27 620.7949991(8) 1.347174(2) 0.2
28 621.1630743(8) 1.347241(2) 0.5
29 621.4919489(8) 1.347301(3) 0.6
30 621.7869975(8) 1.347356(3) 0.3
31 622.0527045(8) 1.347407(3) −0.2
32 622.2928357(8) 1.347452(4) −0.3
33 622.5105718(8) 1.347488(4) 0.6
34 622.7086101(8) 1.347533(4) −1.1
35 622.8892621(8) 1.347556(5) 0.8
37 623.2060305(8) 1.347618(6) 0.1
38 623.3453297(8) 1.347640(6) 0.6
39 623.4736776(8) 1.347668(7) −0.0
40 623.5921942(8) 1.347689(7) 0.1
41 623.7018578(8) 1.347711(8) −0.1
42 623.8035293(8) 1.347727(8) 0.1
43 623.8979667(8) 1.347740(9) 0.5
44 623.9858378(8) 1.347778(10) −1.4
45 624.0677426(8) 1.347778(10) −0.1
46 624.1442056(8) 1.347789(11) 0.2
47 624.2156986(8) 1.347808(12) −0.3
48 624.2826438(8) 1.347827(13) −0.7
51 624.4597844(8) 1.34784(2) 0.7
53 624.5611212(8) 1.34788(2) −0.7
54 624.6075157(8) 1.34788(2) −0.2
55 624.6513410(8) 1.34786(2) 0.9
57 624.7320082(8) 1.34789(2) 0.4