34 1006.679146 — — 23
35 1006.882738 10 — 20
36 1007.068300 −11 46 22
37 1007.237892 — 34 19
38 1007.393307 −21 30 25
39 1007.536065 −15 38 21
40 1007.667515 75 40 19
41 1007.788822 13 39 19
42 1007.901001 −31 47 22
43 1008.004946 65 37 24
44 1008.101433 94 31 18
45 1008.191178 57 34 21
46 1008.274794 10 54 35
47 1008.352812 — 52 39
48 1008.425722 — 56 39
49 1008.493955 — 44 30
50 1008.557913 161 43 21
51 1008.617948 43 47 18
52 1008.674392 87 53 36
53 1008.727488 99 61 33
54 1008.777507 65 52 26
55 1008.824691 163 40 22
56 1008.869254 6 44 24
57 1008.911380 121 51 27
58 1008.951243 31 58 28
59 1008.989007 22 58 35
60 1009.024804 14 58 31
61 1009.058777 60 56 28
62 1009.091026 81 32 3
63 1009.121733 92 61 28
64 1009.150930 3 — 30
65 1009.178735 62 — 34
66 1009.205224 80 — 28
67 1009.230482 140 — 16
68 1009.254624 122 39
69 1009.277661 — — 39
70 1009.299682 — — 41
71 1009.320732 — — 32
72 1009.340891 — — 36
73 1009.360194 — — 38
74 1009.378680 — — 28
75 1009.396410 — — 23
76 1009.413433 — — 32
77 1009.429762 — — 29
78 1009.445443 — — 23
79 1009.460515 — — 21
80 1009.475011 — — 24
81 1009.488957 — — 28
82 1009.502373 — — 26
83 1009.515292 — — 25
84 1009.527736 — — 22
85 1009.539738 — — 27
86 1009.551310 — — 32
87 1009.562472 — — 36